           2           0   6.2974968      -1.9117483    
           2           0 -6.25812858E-02 -9.51171760E-03
           2           0  1.34499408E-02 -0.55605948    
           3           0  1.99589223E-04 -9.57740843E-03
           4           0 -2.30318494E-03  0.10600130    
           5           0  1.70232391E-03 -6.71218336E-02
           6           0 -9.94456816E-04  4.22185771E-02
           7           0  1.35013496E-03 -5.49451262E-02
           8           0 -2.32388848E-04  1.00872703E-02
           9           0  4.63381963E-04 -1.89148802E-02
          10           0  1.70744155E-04 -6.67819194E-03
           2           1 -1.99893909E-03 -2.92903418E-03
           3           1  6.83277193E-03  6.78307144E-03
           4           1  8.16537649E-04  3.28736729E-04
           5           1  6.03277190E-03  5.99094341E-03
           6           1 -3.43231764E-03 -3.40954796E-03
           7           1  2.86576664E-03  2.86942348E-03
           8           1  6.88861008E-04  1.04369491E-03
           9           1  7.25166290E-04  7.04214035E-04
          10           1 -6.79826830E-04 -6.59345300E-04
           2           2  1.67073286E-03  2.93594250E-03
           3           2 -8.89759278E-04  2.58209839E-05
           4           2 -9.95547627E-04 -1.15363253E-03
           5           2   0.0000000       0.0000000    
           6           2 -7.52588559E-04 -8.49299366E-04
           7           2 -9.10424511E-04 -8.88157985E-04
           8           2 -9.21855506E-04 -9.46475309E-04
           9           2 -4.00573306E-04 -3.88515007E-04
          10           2 -4.99864691E-04  5.58291504E-06
           3           3 -2.90776825E-05 -6.89813285E-04
           4           3  7.59794319E-04 -2.14011743E-05
           5           3  8.09780788E-04 -1.41899091E-05
           6           3  -0.0000000       0.0000000    
           7           3   0.0000000       0.0000000    
           8           3   0.0000000       0.0000000    
           9           3  4.44538775E-04  1.41341545E-04
          10           3  4.61498450E-04  4.26632381E-04
           4           4  2.25512515E-04  1.04717340E-03
           5           4 -3.73400020E-04  1.12074653E-04
           6           4   0.0000000       0.0000000    
           7           4   0.0000000       0.0000000    
           8           4 -5.19859255E-04  1.02353442E-05
           9           4  1.11658310E-05 -4.39880940E-04
          10           4  -0.0000000       0.0000000    
           5           5 -6.26107503E-04 -1.01810659E-03
           6           5   0.0000000      -0.0000000    
           7           5  7.49797095E-04  3.02407943E-06
           8           5 -1.38560921E-04 -4.84993216E-04
           9           5   0.0000000       0.0000000    
          10           5   0.0000000       0.0000000    
           6           6  5.10321755E-04  7.86075194E-04
           7           6   0.0000000       0.0000000    
           8           6 -5.45425923E-04 -2.68769247E-04
           9           6   0.0000000       0.0000000    
          10           6   0.0000000       0.0000000    
           7           7 -3.85009451E-04 -7.44922843E-04
           8           7  2.59929628E-04 -1.44225314E-05
           9           7   0.0000000       0.0000000    
          10           7 -2.03197138E-04 -4.81736526E-04
           8           8  2.88758427E-04  6.84008584E-04
           9           8   0.0000000       0.0000000    
          10           8   0.0000000       0.0000000    
           9           9 -2.18306697E-04 -4.34076239E-04
          10           9   0.0000000       0.0000000    
          10          10  3.37116537E-04  5.50089229E-04
           2           0   2.6406968       2.4621229    
           3           0  4.49994430E-02  5.19828759E-02
           4           0 -0.45536071     -0.49926502    
           5           0  0.33940578      0.29757911    
           6           0 -0.18977012     -0.18995950    
           7           0  0.26809725      0.24037035    
           8           0 -4.29588221E-02 -4.42431569E-02
           9           0  8.99353325E-02  8.19220543E-02
          10           0  3.55801322E-02  3.09942849E-02
           2           1  3.36349532E-02 -7.06884544E-03
           3           1 -4.32392694E-02 -2.34821402E-02
           4           1  3.71270510E-03 -3.13690212E-03
           5           1 -3.52944694E-02 -2.55788639E-02
           6           1  1.80100948E-02  1.06778555E-02
           7           1 -7.81237148E-04 -2.48648636E-02
           8           1 -1.07900985E-02  4.30190656E-03
           9           1  2.19992781E-03 -9.28208884E-03
          10           1 -3.28431837E-04  7.44913705E-03
           2           2 -8.80037434E-04 -1.27224419E-02
           3           2  3.92306969E-03  5.16025675E-03
           4           2  3.74395330E-03  9.60494764E-03
           5           2  1.68756722E-03 -1.32417877E-03
           6           2  3.90180619E-03  4.23654588E-03
           7           2  1.43892188E-02 -4.06851154E-03
           8           2  1.33509748E-03  9.94701125E-03
           9           2  8.62827618E-03 -4.25273878E-03
          10           2  2.20214296E-03  2.04395107E-03
           3           3 -6.02361374E-03  8.82068649E-04
           4           3 -1.46559579E-03 -5.69796097E-03
           5           3 -4.05203842E-04 -1.51939853E-03
           6           3 -6.90476969E-04  1.06310565E-03
           7           3 -1.10972184E-03  1.16736197E-03
           8           3 -1.29462080E-03 -1.28047867E-03
           9           3  3.25854030E-03 -5.36897127E-03
          10           3 -2.42506061E-03 -1.04206428E-03
           4           4 -3.36305541E-03  3.76450201E-03
           5           4  1.38402299E-03  3.46951489E-03
           6           4  2.08542706E-03 -8.68456496E-04
           7           4 -4.75328125E-04 -8.44782393E-04
           8           4  1.25447917E-03  1.85951707E-03
           9           4  3.13991494E-03  4.26973158E-04
          10           4  8.08365527E-04  1.01683766E-03
           5           5  3.56015097E-03  1.88540702E-03
           6           5 -7.48460821E-04  9.77201504E-04
           7           5 -2.65224418E-03 -6.45862718E-04
           8           5  1.87238527E-03 -1.57099287E-03
           9           5 -2.18575634E-03 -2.48407130E-04
          10           5 -5.71593293E-04  7.28288898E-04
           6           6 -5.55137917E-03 -3.01529741E-04
           7           6  3.05784401E-04  1.12184184E-03
           8           6  3.28083080E-03 -1.66935351E-04
           9           6 -2.96479033E-04  5.20043541E-04
          10           6  7.35349837E-04 -7.03668775E-05
           7           7  2.60241353E-03  7.00526172E-04
           8           7 -1.57160743E-04 -1.27093075E-03
           9           7 -8.40253138E-04  3.75302014E-04
          10           7  9.61542886E-04 -3.93732626E-05
           8           8 -1.15368504E-03 -7.34091969E-04
           9           8 -1.34825328E-04 -5.07207442E-05
          10           8 -3.39896156E-04 -5.95343998E-04
           9           9  4.02182620E-03 -1.42775208E-03
          10           9  2.55124382E-04  5.67100244E-04
          10          10 -1.93852198E-03 -1.25035015E-03
           2           0   5.6384935      -2.7372580    
           3           0  0.12814291      0.18753932    
           4           0 -0.40694252      0.55484414    
           5           0  0.80320382     -0.24882507    
           6           0 -9.66745466E-02  0.13112500    
           7           0  0.55515712     -0.21918663    
           8           0 -3.04980800E-02  4.10601497E-02
           9           0  0.22353472     -0.11640823    
          10           0  2.86479648E-02 -2.51425840E-02
           2           1  0.22025879      5.94363362E-03
           3           1 -0.34466970      0.39088637    
           4           1 -0.11042707      2.44670920E-02
           5           1 -0.17604157     -0.16416064    
           6           1  0.21489638     -0.18800831    
           7           1 -3.01265158E-04 -4.31157276E-02
           8           1  7.59815276E-02 -8.48106891E-02
           9           1 -6.25484139E-02  3.87418643E-02
          10           1  3.59659195E-02 -2.09662542E-02
           2           2  0.20069365     -0.14659670    
           3           2  0.12786682     -0.38264728    
           4           2  1.75497159E-02 -0.28346354    
           5           2 -0.12300050     -7.27222711E-02
           6           2 -3.70534509E-02 -0.12350846    
           7           2  5.96681610E-02 -5.19815534E-02
           8           2  5.68141527E-02 -2.50686519E-02
           9           2 -2.28502546E-02  7.91169927E-02
          10           2  3.63193899E-02  2.84520872E-02
           3           3  0.35708952     -1.74703598E-02
           4           3 -0.10894886     -0.12307404    
           5           3 -0.19169006      9.62017179E-02
           6           3 -0.11950578      0.13375673    
           7           3 -3.17342728E-02  0.11394583    
           8           3 -3.13514210E-02 -4.45487201E-02
           9           3 -3.07388864E-02 -3.41861323E-03
          10           3  8.37045163E-03  8.37243162E-04
           4           4  0.37215441      2.66838521E-02
           5           4 -7.39718750E-02 -0.12028078    
           6           4 -0.14032698      1.49379075E-02
           7           4 -2.51481291E-02  9.34376717E-02
           8           4  2.80750543E-02  1.70261152E-02
           9           4  9.34710726E-04 -5.13652563E-02
          10           4 -2.88178176E-02 -2.13842131E-02
           5           5  0.16914247     -2.43296325E-02
           6           5 -1.77403688E-02 -5.39852679E-03
           7           5 -6.02009520E-02 -2.86845025E-02
           8           5  4.18071672E-02  1.83907617E-03
           9           5  7.72182085E-03 -1.86869074E-02
          10           5 -2.34165750E-02 -7.45349564E-03
           6           6  3.01237442E-02 -1.36181870E-02
           7           6 -5.81796318E-02 -8.14838335E-04
           8           6 -2.57135439E-03  1.21885743E-02
           9           6  2.80360226E-02  1.62393600E-02
          10           6 -3.77392061E-02  3.02326512E-02
           7           7 -5.39216585E-02  3.01585458E-02
           8           7 -2.81207683E-03 -5.29418886E-02
           9           7  3.41881737E-02 -2.46911868E-02
          10           7 -1.09797036E-02  9.95748118E-03
           8           8 -5.83045632E-02  4.44315970E-02
           9           8  4.57146112E-03 -2.19598748E-02
          10           8  2.49512959E-03 -3.24426219E-02
           9           9 -4.45536822E-02  2.87685506E-02
          10           9  1.14470655E-02 -2.79862750E-02
          10          10 -1.06895566E-02 -1.62617024E-02
           2           0  -8.9506302      -4.9101715    
           3           0  0.18149251      0.77377582    
           4           0  0.82507694       1.6273496    
           5           0  -1.1689266     -0.19711155    
           6           0  0.22292529      0.33578950    
           7           0 -0.86617088     -0.28956118    
           8           0  0.10270671      9.72948745E-02
           9           0 -0.39461368     -0.19554606    
          10           0 -3.89552787E-02 -5.98645024E-02
           2           1 -6.96569681E-02  0.24620123    
           3           1  0.64389729     -0.67870551    
           4           1  4.20091301E-02 -0.11213358    
           5           1 -0.33658099     -0.56606793    
           6           1 -0.27313310      0.44694591    
           7           1  1.83030926E-02 -2.58026086E-02
           8           1 -8.09485018E-02  0.23622358    
           9           1  0.15055299     -7.08875135E-02
          10           1  3.00071836E-02  0.15988195    
           2           2 -0.52138633     -0.31044880    
           3           2 -0.38075584      0.11959082    
           4           2 -0.49063620     -0.10610604    
           5           2 -0.31086469     -0.41147041    
           6           2 -0.35201645     -5.49358428E-02
           7           2 -0.15170066      9.87787247E-02
           8           2 -0.11133081      0.11001178    
           9           2  0.15566614      7.19964355E-02
          10           2 -1.32731777E-02  9.44556594E-02
           3           3  0.15491137      0.76422977    
           4           3 -0.21420355     -0.10837165    
           5           3  0.10444325     -0.37621185    
           6           3  0.28159931     -0.11742495    
           7           3  0.15588346     -6.48808777E-02
           8           3 -2.15460174E-02 -6.25988618E-02
           9           3 -2.38912720E-02 -4.71458212E-02
          10           3  2.10782811E-02  4.73439097E-02
           4           4  0.22679666      0.88085783    
           5           4 -0.31120402     -0.13757125    
           6           4 -9.04938728E-02 -0.31794903    
           7           4  0.23501903     -2.67067971E-03
           8           4  4.18805480E-02  5.14723882E-02
           9           4 -0.11397361      1.41219422E-03
          10           4 -7.22823292E-02 -7.68050551E-02
           5           5  1.73206925E-02  0.36839098    
           6           5 -5.42823151E-02 -7.35165253E-02
           7           5 -2.61844695E-02 -0.13761240    
           8           5 -1.81367174E-02  9.08418745E-02
           9           5  6.45544752E-03  1.87336113E-02
          10           5 -5.40484749E-02 -5.39277196E-02
           6           6 -3.63006443E-02  5.74575141E-02
           7           6 -4.28340957E-03 -0.15085888    
           8           6  1.47561878E-02  7.03011081E-02
           9           6  1.68537125E-02  6.10785857E-02
          10           6  2.96477899E-02 -3.36721018E-02
           7           7  3.96894030E-02 -0.12973833    
           8           7 -7.94318318E-02 -4.83010290E-03
           9           7 -8.92744437E-02  4.87647727E-02
          10           7  5.98155856E-02 -4.28039432E-02
           8           8  8.39107782E-02 -0.11318802    
           9           8 -2.41639800E-02  1.64509024E-02
          10           8 -7.98496902E-02 -2.51407214E-02
           9           9  3.88674550E-02 -7.42971599E-02
          10           9 -5.74761406E-02  3.17333848E-03
          10          10 -5.79713918E-02 -1.98785625E-02
           2           0   1.3864268      0.86982358    
           3           0 -9.73543674E-02 -0.16131692    
           4           0 -0.16281514     -0.37682846    
           5           0  0.15975809     -5.13977557E-03
           6           0 -5.14019467E-02 -7.99094066E-02
           7           0  0.13637105      3.79147306E-02
           8           0 -2.48370245E-02 -8.86908360E-03
           9           0  6.49774298E-02  2.81053558E-02
          10           0  9.34635848E-03  1.92442369E-02
           2           1 -6.91642463E-02 -0.14125790    
           3           1 -9.20569301E-02  6.66093677E-02
           4           1 -1.31481066E-02  5.44971004E-02
           5           1  8.36551338E-02  0.11451857    
           6           1  6.07513152E-02 -7.86098167E-02
           7           1 -6.80801552E-03  1.57560129E-02
           8           1  2.52116583E-02 -4.31958400E-02
           9           1 -2.28660814E-02  1.82531420E-02
          10           1 -1.81101635E-03 -2.41484437E-02
           2           2  0.12609075      3.34970802E-02
           3           2  9.24003720E-02 -8.15876946E-03
           4           2  0.11026774      5.34248687E-02
           5           2  5.84700704E-02  6.21182844E-02
           6           2  5.95556684E-02  1.95765533E-02
           7           2  2.96566542E-02 -1.25064710E-02
           8           2  1.14082517E-02 -2.79658455E-02
           9           2 -2.80959047E-02 -1.25052789E-02
          10           2 -2.33188784E-03 -1.61740035E-02
           3           3 -4.33827303E-02 -0.18862978    
           4           3  7.74301738E-02  4.37864996E-02
           5           3 -4.92028706E-02  5.99448234E-02
           6           3 -3.75667252E-02  1.76249491E-03
           7           3 -4.24729735E-02  1.21747497E-02
           8           3  1.51343402E-02  1.05124013E-02
           9           3  1.25710880E-02  1.38362776E-02
          10           3 -7.50102242E-03  7.31777400E-05
           4           4 -6.52084202E-02 -0.18911679    
           5           4  6.72020093E-02  4.03027311E-02
           6           4  2.69273240E-02  5.25396317E-02
           7           4 -4.59432043E-02  5.37424441E-03
           8           4 -3.36696650E-03 -1.39626041E-02
           9           4  1.58068128E-02  1.68258336E-03
          10           4  1.83618497E-02  1.57191418E-02
           5           5 -2.76223123E-02 -7.37216473E-02
           6           5  1.14667863E-02  1.27371848E-02
           7           5  9.01769195E-03  3.04487348E-02
           8           5  2.33375002E-03 -2.52189562E-02
           9           5 -3.85076227E-03 -2.10397504E-03
          10           5  1.12717431E-02  1.33956084E-02
           6           6  2.65822280E-03 -1.54882185E-02
           7           6  1.01230647E-02  2.11872533E-02
           8           6 -1.20474352E-03 -1.49988309E-02
           9           6 -4.34417557E-03 -1.97295509E-02
          10           6 -1.12654800E-02  7.31785176E-03
           7           7 -9.47963260E-03  1.77602489E-02
           8           7  1.88927501E-02  7.68073648E-03
           9           7  1.41847339E-02 -1.49448412E-02
          10           7 -1.29135288E-02  1.29444525E-02
           8           8 -1.02133881E-02  2.27986760E-02
           9           8 -2.66414811E-03 -3.87047301E-04
          10           8  2.58663967E-02  2.98400037E-03
           9           9 -4.23977897E-03  1.72115080E-02
          10           9  1.37295164E-02 -5.71988337E-03
          10          10  1.18864942E-02  2.96000857E-03
           2           0  0.22381106      0.10966711    
           3           0 -1.48172518E-02 -2.04934906E-02
           4           0 -2.55703405E-02 -4.69536185E-02
           5           0  2.50058752E-02 -1.07711274E-03
           6           0 -6.64659496E-03 -9.63732600E-03
           7           0  2.20847595E-02  4.62024845E-03
           8           0 -4.11355123E-03 -1.21175195E-03
           9           0  1.05555281E-02  3.38723673E-03
          10           0  2.18025269E-03  2.75655882E-03
           2           1 -8.28484818E-03 -1.70812476E-02
           3           1 -1.29336286E-02  1.05489483E-02
           4           1 -4.04763874E-03  8.94437823E-03
           5           1  1.17802303E-02  1.37536228E-02
           6           1  9.75861400E-03 -1.22496020E-02
           7           1 -9.21306317E-04  2.47165188E-03
           8           1  3.95105965E-03 -7.12633692E-03
           9           1 -3.08595598E-03  1.93150796E-03
          10           1 -1.56171853E-04 -3.49060399E-03
           2           2  1.89751461E-02  2.34696455E-03
           3           2  1.51181677E-02 -3.61890160E-03
           4           2  1.62310936E-02  5.44100255E-03
           5           2  6.89308345E-03  8.09869263E-03
           6           2  7.70535599E-03  1.60709664E-03
           7           2  4.55907825E-03 -2.12465809E-03
           8           2  1.28486170E-03 -3.58160445E-03
           9           2 -4.02033981E-03 -1.23417238E-03
          10           2 -4.67572012E-04 -2.08616327E-03
           3           3 -3.79583240E-03 -2.70780548E-02
           4           3  8.76179896E-03  4.90027480E-03
           5           3 -9.65882186E-03  9.63735580E-03
           6           3 -5.22791594E-03  3.81801394E-04
           7           3 -6.23684982E-03  3.43384268E-03
           8           3  1.78808335E-03  6.59149955E-04
           9           3  2.01441254E-03  1.81633187E-03
          10           3 -1.33969542E-03  4.80466319E-04
           4           4 -7.39151239E-03 -2.55514719E-02
           5           4  8.43025558E-03  4.19230154E-03
           6           4  3.30579281E-03  7.53430184E-03
           7           4 -6.89796777E-03  1.02677324E-03
           8           4 -8.86088121E-04 -1.86390185E-03
           9           4  2.33448180E-03 -2.18877845E-04
          10           4  2.60111736E-03  2.31562741E-03
           5           5 -3.40335676E-03 -9.97331738E-03
           6           5  2.46516429E-03  1.70030375E-03
           7           5  4.67242498E-04  3.82287754E-03
           8           5  2.01088667E-04 -3.17960419E-03
           9           5 -3.70098976E-04 -8.40947730E-04
          10           5  1.44733372E-03  2.10552989E-03
           6           6  9.01533640E-04 -1.82615744E-03
           7           6  1.26892910E-03  2.45531369E-03
           8           6 -7.17686140E-04 -1.97046972E-03
           9           6 -6.21989602E-05 -2.86117871E-03
          10           6 -2.04880396E-03  1.21880276E-03
           7           7 -1.30508561E-03  3.01658455E-03
           8           7  2.68253079E-03  3.81567981E-04
           9           7  1.99759239E-03 -1.86186284E-03
          10           7 -2.00686976E-03  1.79842103E-03
           8           8 -1.87609077E-03  3.58956819E-03
           9           8 -5.27970144E-04 -4.28488449E-04
          10           8  3.69473593E-03  1.65145088E-04
           9           9 -1.14030589E-03  2.24594632E-03
          10           9  2.31769169E-03 -1.13005948E-03
          10          10  1.48674706E-03  2.40902707E-04
           2           0  -2.7993450     -5.37464023E-02
           3           0 -1.56311393E-02 -0.18776664    
           4           0   1.9933834     -0.41095960    
           5           0  0.48619941      0.14304914    
           6           0  0.82281834     -1.94318965E-02
           7           0 -8.60539302E-02  4.73333374E-02
           8           0  0.10571200      0.11735269    
           9           0 -0.22841692      5.86995669E-03
          10           0 -0.24698557      5.87459803E-02
           2           1   7.8141289       1.7805963    
           3           1  -4.5994782      -2.3749888    
           4           1   3.2212653     -9.65428352E-02
           5           1  -2.2278838     -0.13248852    
           6           1  0.55916840      0.34546721    
           7           1 -0.57322532      6.00211918E-02
           8           1 -0.16881858     -9.58749577E-02
           9           1  6.30894452E-02 -0.15204275    
          10           1 -0.20868360      1.75838135E-02
           2           2  -2.5133309      0.43612799    
           3           2  -2.8284960     -0.30775696    
           4           2  -1.7934961     -6.36601299E-02
           5           2 -0.49944103     -8.90982449E-02
           6           2 -0.31266007     -0.23093654    
           7           2  0.18886809     -8.11650008E-02
           8           2 -8.91489163E-02 -0.19621098    
           9           2  0.49503124     -6.25498444E-02
          10           2  0.12804268     -8.44684243E-02
           3           3   4.1170835       3.2643805    
           4           3   2.6613958      -1.3284893    
           5           3  2.26125680E-03  0.27615035    
           6           3  0.39666387      6.28091097E-02
           7           3  0.21443927      0.15601948    
           8           3  0.25155383     -0.16392392    
           9           3  3.11207548E-02 -0.13385527    
          10           3 -0.14682786      0.10034356    
           4           4  -1.6215333      -1.1848444    
           5           4 -0.60612124     -0.32984349    
           6           4 -0.48490256     -0.15374152    
           7           4 -0.48999342     -0.29833332    
           8           4 -0.29097652     -0.11450374    
           9           4 -0.45211411     -7.10323453E-04
          10           4 -6.71311021E-02  7.76959509E-02
           5           5 -0.77552414     -0.67834800    
           6           5 -0.39516619     -0.52670532    
           7           5  9.40348059E-02  0.20359081    
           8           5  0.50799292      0.23790532    
           9           5  0.47640795      0.18432179    
          10           5 -9.09719020E-02 -0.11084269    
           6           6  0.41211206      9.95258614E-02
           7           6  0.48470742      8.31953436E-02
           8           6  0.60814291      0.12779243    
           9           6 -1.83713436E-02  4.82000858E-02
          10           6  5.11817411E-02 -0.13815886    
           7           7 -0.20353356     -0.15348014    
           8           7 -4.79172282E-02  0.14355975    
           9           7  0.14428078     -8.13345239E-03
          10           7 -0.11728662     -0.20474862    
           8           8  6.49610311E-02  0.21943942    
           9           8 -0.13940082     -0.13595839    
          10           8 -2.03441642E-02 -0.24085340    
           9           9  0.16215357     -2.94882879E-02
          10           9  0.29121006      9.43159685E-02
          10          10 -1.08883958E-02 -8.34905207E-02
           2           0   7.3145237      0.28397512    
           3           0 -5.12163639E-02  0.49906445    
           4           0  -7.6692171      0.51276463    
           5           0  -2.7068765     -0.34548676    
           6           0  -3.1917338     -3.33702713E-02
           7           0   1.6757164     -0.14896762    
           8           0   1.0140452     -0.21749845    
           9           0   1.4469302     -5.23093343E-03
          10           0   1.3239098     -0.11486934    
           2           1  -36.198761      -4.2047420    
           3           1   13.150709       7.1361470    
           4           1  -15.346288      0.15297461    
           5           1   10.765022     -0.29631984    
           6           1  -2.6178944      -1.8796303    
           7           1   3.2416015      0.18581903    
           8           1  0.93581754      6.32628500E-02
           9           1 -6.10082075E-02  0.90718669    
          10           1   1.0355803      7.00124353E-02
           2           2   14.107295     -0.70051795    
           3           2   16.660215       2.3603964    
           4           2   8.9517193     -0.56151444    
           5           2   2.2795949      0.43969166    
           6           2   1.6622305      9.91569310E-02
           7           2  -1.8411207      0.15512250    
           8           2 -8.62297043E-03  0.67933589    
           9           2  -2.5350547      0.27898109    
          10           2 -0.81243861      0.55004930    
           3           3  -24.050348      -15.847053    
           4           3  -11.650606       7.4861073    
           5           3 -0.95738012     -0.58873045    
           6           3  -1.8184699      -1.3257436    
           7           3  -1.2142740     -0.45660371    
           8           3  -1.8678244      0.68531632    
           9           3 -7.94347823E-02  0.53215426    
          10           3  0.95135832     -0.46689939    
           4           4   9.4605093       7.6883993    
           5           4   4.2265129       1.7703428    
           6           4   4.0933437       1.0586655    
           7           4   2.9462354       1.0728928    
           8           4   2.3809557      0.71789515    
           9           4   2.4079173     -2.46375203E-02
          10           4  0.69690621     -0.40707371    
           5           5   4.5497313       3.2938199    
           6           5   1.9484246       1.2228274    
           7           5  0.17192164     -0.95416570    
           8           5  -2.2952063      -1.2516620    
           9           5  -2.0166781     -0.58064979    
          10           5  0.35253650      0.35503000    
           6           6  -1.9011271      -1.0859697    
           7           6  -2.6661952     -0.62037939    
           8           6  -2.0262163     -0.46263367    
           9           6  0.35370404     -8.55184644E-02
          10           6  0.30384883      0.50030375    
           7           7  0.84715050       1.1251779    
           8           7  0.39856943     -0.59328926    
           9           7 -0.58602178     -0.21854439    
          10           7  0.83054250       1.0542455    
           8           8 -0.34345311     -0.95783430    
           9           8  0.30058298      0.24928126    
          10           8 -9.10997540E-02  0.80744553    
           9           9 -0.79030335     -0.37598580    
          10           9  -1.5674119     -0.78746146    
          10          10  0.28553814      0.51809275    
           2           0 -0.52911723     -0.18015979    
           3           0  2.91664600E-02  0.40869284    
           4           0  -1.1404400      0.20163915    
           5           0 -0.62757289     -0.28398609    
           6           0  -1.1779158     -1.95760168E-02
           7           0  0.45279264      2.97459774E-03
           8           0   1.0728625     -5.44440262E-02
           9           0  0.87371212      5.80589846E-03
          10           0  0.68371671     -3.57762054E-02
           2           1  -13.447531      0.29716563    
           3           1 -8.66648853E-02  0.23071265    
           4           1  -3.8317773     -0.56285036    
           5           1   4.2843504     -0.57627779    
           6           1 -0.53066957      -1.2376444    
           7           1   1.5025465      0.21556482    
           8           1  0.40751848      4.20222655E-02
           9           1  0.18877725      0.55128038    
          10           1  0.34845066     -9.18636024E-02
           2           2   6.8108616     -0.30189234    
           3           2   6.8903103      -1.0496528    
           4           2   3.2345929     -0.53979766    
           5           2   1.1825242     -0.19977584    
           6           2 -0.29174551     -0.40160483    
           7           2  -1.5151834      0.12243308    
           8           2 -0.12636015      1.58413947E-02
           9           2 -0.89125216      0.11652851    
          10           2 -0.24854068      0.13426065    
           3           3  -11.826189      -5.6389122    
           4           3  -4.2558742       2.3070090    
           5           3 -0.96631765      2.23715007E-02
           6           3  -1.1833167     -0.96854496    
           7           3 -0.72717893      4.38485295E-03
           8           3  -1.0221182      0.12459503    
           9           3 -0.15768121      9.58444923E-02
          10           3  0.41791761     -0.22740346    
           4           4   5.3597889       4.7269015    
           5           4   2.2683232     -0.79368514    
           6           4   1.2801090      0.69491768    
           7           4   1.1869307      0.30401051    
           8           4   1.1000326      0.22610900    
           9           4  0.84751600     -0.27918020    
          10           4  0.30037215     -0.28988928    
           5           5   2.0673988       2.5241420    
           6           5   1.1982000     -0.10798612    
           7           5  2.87896506E-02 -0.91647440    
           8           5  -1.0284531     -0.64842534    
           9           5 -0.53641146     -0.28904742    
          10           5 -7.55465329E-02  0.13780943    
           6           6 -1.97158828E-02 -0.93511337    
           7           6  -1.0759183     -0.18339494    
           8           6 -0.55580157     -0.36605436    
           9           6  6.15538880E-02 -5.57755828E-02
          10           6  0.38697296      0.12572485    
           7           7  0.20774536      0.56700903    
           8           7  0.35708660     -0.67773426    
           9           7 -0.28675050     -0.26566058    
          10           7  0.31489411      0.70904565    
           8           8 -0.71303344     -0.32739693    
           9           8 -6.31321520E-02 -3.05974483E-02
          10           8  7.12031052E-02  6.45631403E-02
           9           9 -0.23355150     -0.39496306    
          10           9 -0.59533483     -0.45950043    
          10          10  0.32224441      0.17526315    
           2           0  0.25229540      -5.5823040    
           3           0 -7.78675079E-03   12.476139    
           4           0  0.49470985       6.3197064    
           5           0  0.27626967      -8.4696627    
           6           0  0.51432520     -0.48123145    
           7           0 -0.18463616      6.41318560E-02
           8           0 -0.46002012      -1.6916599    
           9           0 -0.37076655      0.15250504    
          10           0 -0.28664249      -1.0542214    
           2           1  -14.121344       1.4727060    
           3           1   22.667522       12.310244    
           4           1   12.566778      -23.550388    
           5           1  -8.7744894       8.4288187    
           6           1  -1.1396042      -1.9727558    
           7           1  -3.9043179      9.81643200E-02
           8           1  0.34736848      7.59726465E-02
           9           1 -0.92326367      0.64872110    
          10           1  0.61609209       1.8487507    
           2           2  0.58950162       17.164434    
           3           2   15.940166       9.0765219    
           4           2  -4.2672181      -2.5506659    
           5           2  -4.1083736       4.7629242    
           6           2 -0.13220114       3.8257279    
           7           2  0.58677727       2.0533874    
           8           2   2.2418303      -1.6498539    
           9           2 -0.67822981      0.10323767    
          10           2   1.1083847      -3.0430932    
           3           3  -9.7334013      -9.9721909    
           4           3   2.6223302      -7.3633208    
           5           3  -2.1421058       2.3508313    
           6           3  -2.0083342       1.6112254    
           7           3 -7.75886178E-02  -3.8061061    
           8           3   1.7155932      -1.0371579    
           9           3  0.75882423      0.10256660    
          10           3  0.20301831       1.3782589    
           4           4   13.431380      -3.0835788    
           5           4 -0.15706778       1.1427871    
           6           4  -1.4517570       4.9214149    
           7           4  0.39771879       4.2972708    
           8           4   1.1445018       1.7540141    
           9           4  0.21348482       1.5477915    
          10           4 -7.65096843E-02  0.32199013    
           5           5  -1.3846831       1.2469404    
           6           5   2.7545190      -1.3835293    
           7           5  0.79734361     -0.92597592    
           8           5 -0.57524014      -1.4846075    
           9           5 -0.18840127     -0.82335156    
          10           5 -1.75359845E-03  0.22324766    
           6           6  -1.6092837      -3.7503109    
           7           6  -2.6964176     -0.79341227    
           8           6  0.83758813      -1.2144504    
           9           6   1.1094303     -0.79502100    
          10           6 -0.13745780     -0.75317472    
           7           7  -2.4849474       3.9105585    
           8           7 -2.47609615E-02   1.8042582    
           9           7  9.20643508E-02  0.62660134    
          10           7  0.27893931       1.1476674    
           8           8  -1.3260623       3.0555930    
           9           8   1.1650887       1.6933976    
          10           8  0.80768621      -1.1942005    
           9           9   2.4237869      -1.7048330    
          10           9  0.72924989      -2.7504394    
          10          10  0.22858994      -1.4518393    
           2           0 -8.29915181E-02  0.46174684    
           3           0  0.22675709      0.63586009    
           4           0  8.02936256E-02  -1.0922694    
           5           0 -0.13333644     -0.55588448    
           6           0 -1.17792934E-03  0.86610532    
           7           0 -6.32680878E-02  0.31861672    
           8           0 -3.09408847E-02 -9.58129391E-02
           9           0  3.05807143E-02 -0.33585665    
          10           0 -4.63037267E-02  2.70676091E-02
           2           1 -0.23158205     -0.51082301    
           3           1   1.0146526     -0.19289237    
           4           1  0.31581986      0.15996666    
           5           1 -0.97027886     -0.62965125    
           6           1 -4.24714833E-02  0.12081532    
           7           1  9.82729197E-02  0.22776914    
           8           1 -2.72593275E-03  0.27455831    
           9           1  0.14549527      0.27004731    
          10           1  3.14535648E-02 -3.56741175E-02
           2           2 -2.02687737E-02  -2.0606804    
           3           2  0.24851348      0.10364716    
           4           2   1.1014247       1.8462293    
           5           2 -0.32479364     -0.70298254    
           6           2 -0.35941190     -4.87370938E-02
           7           2 -0.22019586     -0.21438637    
           8           2  8.50012153E-03  6.36636317E-02
           9           2  0.15002006     -8.17243978E-02
          10           2 -3.16486582E-02  3.13064605E-02
           3           3  0.19569397      0.97247994    
           4           3  0.26095814     -8.72270614E-02
           5           3 -0.28914657     -0.81313765    
           6           3  8.53808522E-02 -0.19492264    
           7           3 -6.82361126E-02 -0.31186652    
           8           3 -0.14764962      0.16492498    
           9           3 -0.11217681      6.28770664E-02
          10           3 -7.00377077E-02 -2.52774693E-02
           4           4 -2.97214389E-02  -1.4822879    
           5           4 -0.57086456      0.69944882    
           6           4  0.41554543      0.48317748    
           7           4 -0.23248944      0.20708287    
           8           4  4.72219735E-02 -0.11689488    
           9           4 -3.70755643E-02  0.18233466    
          10           4 -5.40461615E-02  2.17755698E-02
           5           5 -0.46882558      0.53020084    
           6           5  0.42851710     -0.23911974    
           7           5 -0.16492805      0.29282910    
           8           5  3.75114754E-02 -4.13368717E-02
           9           5 -0.28762257      6.37981743E-02
          10           5 -5.93635216E-02  4.38140742E-02
           6           6  0.83079505      0.23848902    
           7           6 -0.32954600      0.18625553    
           8           6  5.13418689E-02 -2.33529806E-02
           9           6 -8.69531408E-02  0.11086473    
          10           6 -3.33034843E-02  0.18423052    
           7           7  0.38094085      0.40428862    
           8           7  9.62149128E-02 -0.35332653    
           9           7 -0.20613226      0.11332238    
          10           7  8.60610604E-02  8.18702877E-02
           8           8 -5.47452867E-02 -3.03391702E-02
           9           8 -2.90491134E-02  4.97206450E-02
          10           8  8.43234956E-02 -0.16414401    
           9           9  3.84538658E-02  1.66149829E-02
          10           9 -0.19190450     -0.15602921    
          10          10 -5.77320196E-02 -5.97088262E-02
           2           0 -0.37458009      -1.1438023    
           3           0 -0.91788828      -5.8049660    
           4           0  -1.0063472       4.8021903    
           5           0  0.58430302       4.2753878    
           6           0  0.91694629      -4.2852392    
           7           0  0.91206241      -1.0689055    
           8           0  0.32922387      0.93618840    
           9           0 -0.69650996       1.9089420    
          10           0  0.49071839      0.28686666    
           2           1  0.84901053       3.1068847    
           3           1  -7.3824053       1.8856558    
           4           1  -1.5559289      0.34354907    
           5           1   4.9681244       3.0182076    
           6           1  0.32262260      -2.1398613    
           7           1 -0.49013460      -1.6316288    
           8           1 -0.27147835      -1.9110402    
           9           1 -0.59964287      -1.3560883    
          10           1 -0.46920085      0.55881691    
           2           2 -0.30911618       16.821947    
           3           2  -1.5258456      -2.7973878    
           4           2  -6.8048716      -11.511725    
           5           2   6.8259630       5.8156023    
           6           2   1.9358914       2.2582769    
           7           2 -0.85785997     -0.81875551    
           8           2 -0.38670933     -0.44200251    
           9           2 -0.93256772      0.12760681    
          10           2  0.12249893      1.81346461E-02
           3           3  -2.5130110      -5.1142521    
           4           3  0.10599637      9.26078558E-02
           5           3   1.0960366       5.7390814    
           6           3 -0.43299949       1.9889445    
           7           3  0.24215215       1.8138690    
           8           3  0.90762568      -1.4611512    
           9           3  0.34434491     -0.41827846    
          10           3  0.42511475      0.15840726    
           4           4   3.0998001       10.607227    
           5           4   4.9412489      -2.0297191    
           6           4  -1.7152221      -1.9136938    
           7           4   2.0623651      -1.1115649    
           8           4  0.63438582       2.0350111    
           9           4  0.46654704     -0.25662756    
          10           4  0.54091424      0.49650207    
           5           5   1.8282855      -3.2837558    
           6           5  -3.8301239       1.1362393    
           7           5   2.0654125      -1.8295801    
           8           5  0.47831315     -0.46233276    
           9           5   2.1086235     -0.30444366    
          10           5  0.43655777     -0.33971608    
           6           6  -3.7928524      0.46742773    
           7           6   2.7216539     -0.52737933    
           8           6  0.30255759     -0.22668265    
           9           6  0.45981273     -0.35112780    
          10           6  0.46851301     -0.58751756    
           7           7  -2.4551997      -2.8698773    
           8           7 -0.20634279       1.8103625    
           9           7   1.2817829     -0.87018460    
          10           7 -0.45901215     -0.69561803    
           8           8  0.49832395     -0.36430258    
           9           8 -0.28679940      -1.1437501    
          10           8 -0.89479625      0.84274822    
           9           9 -0.53779745      0.45299813    
          10           9   1.5408117      0.98877871    
          10          10  0.38642555      0.77377331    
           2           0   7.4291325       13.648879    
           3           0   2.9042168       17.305321    
           4           0   3.2650218      -16.813288    
           5           0  -1.3369076      -10.599092    
           6           0  -6.2049351       11.680540    
           7           0  -5.9134111      -1.3752975    
           8           0  -1.2614616      -4.2426586    
           9           0   5.7611613      -4.3954382    
          10           0  -2.4187722      -3.3161073    
           2           1   6.4716458      -8.9426498    
           3           1   33.621811      -16.517885    
           4           1  -4.2862310      -15.408800    
           5           1  -9.6860638       3.8912315    
           6           1  -1.1208258       10.111542    
           7           1 -0.80424786       5.4364572    
           8           1   1.5745046       10.059775    
           9           1  0.60853243       2.8268588    
          10           1   2.7369168      -3.6016383    
           2           2   9.4810905      -73.578529    
           3           2   3.2747369       4.3387489    
           4           2   10.633883       41.969292    
           5           2  -39.811871      -20.207218    
           6           2  -2.4179668      -19.814629    
           7           2   9.9979954       10.566326    
           8           2   3.4881420       4.4363489    
           9           2   3.0871286       1.0993443    
          10           2   1.5307488     -0.45247197    
           3           3   11.273458       7.3347654    
           4           3  -8.7508879       11.257329    
           5           3   7.3831263      -18.398527    
           6           3   2.7684019      -13.931860    
           7           3  -1.3007114      -5.0249300    
           8           3  -4.2327008       7.5433159    
           9           3 -6.33507967E-02 -0.28866565    
          10           3 -0.10302228     -0.30577621    
           4           4  -16.630913      -39.000435    
           5           4  -24.604637      -7.0539656    
           6           4   1.7697597     -0.36790872    
           7           4  -13.202823       1.5207713    
           8           4  -6.1563301      -11.323534    
           9           4  -3.7870052      -2.3005793    
          10           4  -2.0765779      -4.4072971    
           5           5   1.9198475       17.491226    
           6           5   21.915907      -2.5937150    
           7           5  -14.707445       7.9776802    
           8           5  -4.7340941       4.5328245    
           9           5  -7.2984943       1.7380507    
          10           5  -1.7516991       1.8368269    
           6           6   3.6605701      -13.182802    
           7           6  -12.728469     -0.71420121    
           8           6  -1.8216023       2.5827210    
           9           6  -2.8878455     -0.13915722    
          10           6  -2.4532337     -0.74979872    
           7           7   7.9514556       7.8604960    
           8           7 -0.97519875      -5.9230146    
           9           7  -4.4681773       4.8880596    
          10           7   2.2294607       3.0252874    
           8           8  0.21446204       4.5076766    
           9           8  0.18499422       6.7446480    
          10           8   4.4127913      -2.7074308    
           9           9   3.7306359      -3.8672898    
          10           9  -6.1086521      -2.8994682    
          10          10 -2.28921175E-02  -4.4593368    
           2           0 -0.45794201      -7.8675404    
           3           0  -1.5377361      -8.2120934    
           4           0  -3.2495875       7.9393702    
           5           0   2.9645517       6.2222481    
           6           0   2.0724604      -3.3389573    
           7           0  0.12351719       1.7335891    
           8           0  0.79173541       1.6060709    
           9           0  -2.0635316     -0.14828837    
          10           0  0.24908608       1.7659954    
           2           1  -3.7140176      -1.5957083    
           3           1  -6.6238790       11.323292    
           4           1  0.76589942       13.328781    
           5           1 -0.62696171      -10.974789    
           6           1  0.55980301      -5.6549172    
           7           1   1.7481387      0.17331941    
           8           1 -0.75947213      -1.6333272    
           9           1  0.41498536       1.1320298    
          10           1 -0.65206021       1.3301107    
           2           2  -4.8963799       29.813854    
           3           2  -1.7752867      -4.6959839    
           4           2   1.7501614      -15.653941    
           5           2   15.370753       6.0408955    
           6           2  -2.2729533       8.2901649    
           7           2  -3.9421539      -3.9280515    
           8           2  -2.8671460      -3.4101312    
           9           2  0.67283285      2.50340998E-02
          10           2  -1.3366299       1.5146319    
           3           3  -14.826876       5.7931538    
           4           3   12.811504      -12.827477    
           5           3  -10.465494       10.170441    
           6           3   3.8321812       2.9609792    
           7           3  -3.1542373       1.9338918    
           8           3  0.97345829      -3.4861917    
           9           3  -1.5080899       2.6506124    
          10           3  0.59268904     -0.98347175    
           4           4   1.9255385       10.824679    
           5           4   15.410999       8.3097095    
           6           4 -0.63268280     -0.65904778    
           7           4   1.7592845      6.97383285E-02
           8           4   2.8352137       4.2557049    
           9           4   1.8772848       1.5848734    
          10           4  -1.1203737       2.4453177    
           5           5  -4.5663190      -13.971354    
           6           5  -10.465868       4.3126426    
           7           5   6.8397832      -2.3223639    
           8           5   3.6773472      -3.0415914    
           9           5   1.3698690       1.3414634    
          10           5 -0.66482991      0.30357769    
           6           6   9.3881798       9.7715273    
           7           6   1.2851887      0.30689299    
           8           6  0.48709744      -1.9384663    
           9           6   1.8090911       2.1981671    
          10           6  0.67219472      0.60814798    
           7           7  -1.0209246       2.1641636    
           8           7   1.8290602      0.24752349    
           9           7   1.8160326      -2.7019784    
          10           7  -1.2409730      -1.1381062    
           8           8  -1.8031027     -0.72072208    
           9           8 -0.37368608      -3.9867721    
          10           8 -0.14060265      0.42823154    
           9           9  -2.8263848       2.8521600    
          10           9   2.0119207     -0.72404885    
          10          10 -0.94169992       1.5940722    
           2           0 -0.25213420      -1.0108790    
           3           0  0.95844907      -1.1845994    
           4           0   1.8635323       1.1657687    
           5           0  -1.7505844      0.91985065    
           6           0 -0.94126529     -0.51243341    
           7           0  7.22654462E-02  0.21965200    
           8           0 -0.45090225      0.21248889    
           9           0  0.96665037     -1.79340839E-02
          10           0 -9.27818120E-02  0.19699377    
           2           1   1.2708405      -1.9117315    
           3           1 -0.70075029      -2.3204277    
           4           1  -1.9688213      0.63711441    
           5           1   3.2601428       2.4912136    
           6           1  0.22354168     -0.63293618    
           7           1 -0.42278680     -0.38816303    
           8           1  -1.2030849      2.69104242E-02
           9           1 -0.95241261      4.84308749E-02
          10           1  0.13677889     -0.26621488    
           2           2 -0.84104192       2.4644868    
           3           2   3.7353978      0.10566968    
           4           2  -2.8237550      -1.4569540    
           5           2 -0.80342340      -1.0275602    
           6           2   1.6985964       1.7712301    
           7           2 -0.12550266      0.30176809    
           8           2  0.47238314      0.41962707    
           9           2 -0.52101922     -0.55049682    
          10           2 -0.15262231      5.79019189E-02
           3           3  -2.1711693       1.4393351    
           4           3 -0.79042017      -3.6001856    
           5           3   1.3672098      0.47547054    
           6           3  0.58915502      -1.0244002    
           7           3   1.6497636       1.3990538    
           8           3  -1.1645199      0.70253766    
           9           3  0.15294027      0.45597374    
          10           3 -0.14478011     -0.35818762    
           4           4   2.0112140       4.4653788    
           5           4  -1.6288410      -3.4335170    
           6           4 -0.76239938      0.89724708    
           7           4  0.22718428      0.67329806    
           8           4  1.50604397E-02  0.10695374    
           9           4 -0.68116814      0.26296133    
          10           4  1.01612732E-02  0.24917121    
           5           5 -8.30975175E-02   1.2268224    
           6           5  0.90219957     -0.77029347    
           7           5  7.97140598E-03 -0.26702362    
           8           5  5.03285229E-03 -0.25367439    
           9           5 -0.50074661      9.58051160E-02
          10           5 -0.17462543      0.34881154    
           6           6  -1.8928962      -3.2155032    
           7           6  0.59484017       1.1781183    
           8           6  0.22569934      0.19099768    
           9           6 -0.65853816     -0.29749799    
          10           6 -0.39830333      0.32855293    
           7           7  -1.6487854      -1.6632743    
           8           7   1.0942525     -1.13504529E-02
           9           7  0.46494380      3.61352563E-02
          10           7 -0.42654184      5.50674051E-02
           8           8  -1.0452988      0.34127182    
           9           8   1.0330703      5.94154298E-02
          10           8  0.22263008     -0.53070796    
           9           9 -0.29371470      0.38553372    
          10           9  0.32585388      0.51543713    
          10          10  0.20397636      0.33524543    
           2           0  1.57896534E-03 -2.18254291E-02
           3           0 -2.79419008E-04  1.96754318E-02
           4           0 -3.99949402E-03 -2.12139599E-02
           5           0  4.97498084E-03 -4.30985726E-03
           6           0 -8.33462272E-03 -4.74281423E-02
           7           0  2.91653862E-03  6.68471530E-02
           8           0  2.35274155E-03  0.11044870    
           9           0 -1.08741941E-02 -6.19455539E-02
          10           0  1.29144490E-02 -4.60671373E-02
           2           1 -3.91252479E-03 -8.92869849E-03
           3           1 -7.04349438E-03 -3.81264510E-03
           4           1  8.48361570E-03  1.35594448E-02
           5           1  7.77962990E-03 -5.45010436E-03
           6           1 -1.60040874E-02 -2.16019899E-02
           7           1 -1.15869939E-03 -2.83018146E-02
           8           1 -4.10009697E-02  4.68042791E-02
           9           1  7.50673637E-02  5.70664816E-02
          10           1  4.55831327E-02 -1.43256607E-02
           2           2  7.57807074E-03 -4.02116636E-03
           3           2 -1.06122699E-02 -7.59495934E-03
           4           2  2.01718113E-03 -9.15820058E-03
           5           2 -2.01963037E-02  8.16302374E-03
           6           2  1.23927621E-02  8.24889261E-03
           7           2 -3.09810415E-02 -2.06580088E-02
           8           2 -1.60553120E-03 -2.20014304E-02
           9           2 -2.03707665E-02 -1.72173809E-02
          10           2  6.39034808E-02  3.10040489E-02
           3           3 -7.00973254E-03 -1.21661741E-02
           4           3  4.39579599E-03  3.55208106E-03
           5           3  1.53277898E-02 -1.93604007E-02
           6           3 -7.49742053E-03 -5.39697986E-03
           7           3  4.46040779E-02 -2.81373411E-02
           8           3 -4.22964543E-02  2.36968622E-02
           9           3 -0.11553146     -6.14535715E-03
          10           3  4.10697833E-02 -2.25300267E-02
           4           4  3.60400975E-03 -2.64587421E-02
           5           4  2.90676486E-02  2.46805977E-02
           6           4 -3.10417265E-02 -4.15381901E-02
           7           4 -2.26712432E-02 -3.66936140E-02
           8           4  7.21024424E-02  4.60366905E-03
           9           4 -0.10520373      6.07257243E-03
          10           4 -1.98470298E-02  2.37588864E-03
           5           5 -2.85684969E-03  3.56662646E-03
           6           5  4.43838127E-02  4.52623218E-02
           7           5 -3.66010033E-02 -2.95854472E-02
           8           5  4.03105207E-02  1.39718559E-02
           9           5  5.18012568E-02 -5.60036786E-02
          10           5 -0.11727393     -1.77575648E-02
           6           6 -3.34987268E-02 -2.15526894E-02
           7           6  1.09887961E-02  4.20234306E-03
           8           6 -4.57007289E-02  2.72122882E-02
           9           6  5.73658161E-02 -4.21222746E-02
          10           6 -2.30588447E-02 -3.95530351E-02
           7           7  2.42015757E-02  7.11817071E-02
           8           7  0.10614926      5.20711541E-02
           9           7 -6.52440786E-02  1.76820252E-02
          10           7  2.85311416E-02  1.76836289E-02
           8           8 -2.12613493E-03 -2.49249563E-02
           9           8 -4.51689959E-03 -2.18835752E-02
          10           8 -2.63774507E-02  8.18335079E-03
           9           9  1.03618409E-02  7.12548643E-02
          10           9  2.97629330E-02 -1.98908709E-03
          10          10 -1.13946386E-03  3.65969613E-02
